439138927
4838043
340430395
143096922
247326938
41891471
50251074
180279177
147447077
138469445
423072954
31615733
28621978
143235370
214760293
310329651
256571061
101284689
42244167
269158661
11757212
401904837
37401126
420843290
147762665
78016634
393282713
61278683
341965845
371421385
9284163
40711894
424738135
368722719
17817341
16677326
205952285
211136294
450620402
3121047
105708012
372257390
454333575
411577084
434903879
417902823
259060478
402801267
24483378
10382334
84127849
450621386
427619059
30301685
380796164
34676158
350851315
105630569
152544707
82375711
94868714
83191809
5758655
183748836
424748068
393313580
83107409
160810554
106340219
6330749
466365646
121249803
365090021
407068427
122528489
38626401
442814337
9418342
105630187
455647252
1651624
75842183
41492440
186926383
208610094
85522513
225793151
251865234
151961965
3709510
431772439
67931689
136290238
121369530
253264184
347646634
411757269
37275467
160449770
324804612
424747717
1781769
59055856
364138547
4399341
251840221
2762963
293981283
53024577
199977453
3124049
453953679
8079950
41837668
2914736
452479972
270806005
34633399
44868586
308149664
452280194
166445067
28239371
50597569
344510240
328732289
10119268
7369746
64809038
466517761
253260727
465076467
31814473
25102218
342326987
22870907
461726397
22995945
63085573
51519741
447991161
366212873
24939477
270944610
263601375
135813782
40355142
19560573
138299271
105720159
73799955
915983
102261819
339983201
6873842
105172556
465036512
466767783
25705162
10120861
466505120
18390422
77269812
31391826
8319062
342997867
2820022
163778
145226261
59362026
3313303
120177631
47871718
114479343
359984428
101324796
350780407
354066853
144394865
47331724
12326457
47468026
16493995
454598555
12576236
143015631
195755399
313834618
244368024
277633732
360546166
3210968
60963389
799887
